$ANSIBLE_VAULT;1.1;AES256
66383362373633626432323936626234643131333634313564636432313332613839336237613530
3939353730666664356133323334376132343564356235640a383065366332313134636235663766
64663061333731356337326365373835333936353038383633383165356138623338636130363030
3436653461636130340a363164623462646565303361313939386333346266636632333831346365
62626634303063366564333133623261333566303663343030306563336138386466623234306163
61393634363365353934613865383337643764306561306564626433636338393639633633303538
30343065323839643932633138356463643230333335376265343464323665393334366233376133
36646437356637623935373236613361383937633963636330636665303432323262333363346263
63356537383164616662623832653736366130653264646662626635643866323062303739646237
63313861616434613832633134326565613738346563323837653339613961656461306161343264
36376132636532633631656634393637646365366135393564663264353531366238363533323263
38306330633830346365336637353863636161323732666437616462363832353465333966633865
62306339383531343866396363366264646338623430633738623366393331333761616436666535
33663861393538643836306435636266353332393965336162643838336133353161383239333939
35616666373735343334613330336638303366313533613835633364306431393561666134316461
66646139386339373161346230323233356264383962653833386432356336356136383638616234
66623337663230393132323034326333663764623338383539316164363637633865613838643432
61653431363835313834326635326232393062373933396439346664633561323163366464623263
38316635653634396332303165623536363537356365386562376136343634613330633639663434
39393234626464313237343238396662303965653230393034386361613431336137363231656531
63343265343937646434613834313130333239323031616165336438653731333964333866383034
65333130353438393461623462613565383437333861323164643331363963313537623838633237
62636462323765373036333734353534306330373236666236636166356534363330383431376130
38313734393036636163386531653262336535313831323063396631613834653863343136383335
32336364663861623531643935666136623666323738333263373533316362383934313439633362
64643162663664386436353530363639303336643839353865396463626563353761383538303564
36653636663134643065386665633035386462376637306136633737663962643731663035626265
34373661666130653230316238366230643362356231323035396230343564313262383661633430
32356533396236636437323531353931396264393831373935306437373161346362353534653865
62306431633366623733376634643162306638313337653134383333316630633766366431653539
30343565346266366531383964633162393463383830616539623630333365373136353632343038
34393666393937316462653064303431633131323039323036663337353832373439623563326666
34646330623663396564323632663065326233376433336435643731623466303638323030653864
38303933353330613031653362393231313134663530353539313336333534346134376435636565
66343538623333623137633939613438646264613765306263353635393131396566626333633538
32313361363266626632643633363064643537366262353339626536613737396339653633313764
37393836393133396464653436316335316639616464316432666332623363326638653962376163
66353631623131626639663438373636393932373463663832303062376564313234343434343332
34316462383038636264643335333730343430666232326239363330626630313636326365306230
35353530386132356138336639623062303862353433663530343336363434323063363937306534
65323231326361336431333133613331663862333235326431343639643031626530366561636535
34613261613866336364643663363037366633613435663034363932643334376466663930363530
31396235313237333036313830343962326436323932643134623832646131653937343232653638
64643032303162326664306535613761656165343431616339633035343036323530353466353136
39613134316633626233373935386162393236646533663339313363633837306566626637633561
65623865663035303961393036383930316237363832626262316432333466626331393630616435
33613165616165396463303231343732653463616538373833303835646264663731613434633134
63343765353932633865333239643430636530383063623461643837306537656230353830643233
30386463346366383963376461383334316266383663333134323264316430326131353631333735
66326539386333393633643765303864633066383435663433353462333530643961646239663237
35353364386262386234656139303931643438316264646333383161323362616435343165393535
64396465333034663637366133386536613136643139353438393962376633303762396432303565
61636633376434363139653663646162636565663936616131333139613566616630313532313431
36333465326439333865633438373533323833633561303538343064383139653136633861366633
36373136613538323539613333333937363965333831356437663331636465646235343937653030
62363063393036376130633134663934636332346530663064643165616463316335363062616265
39306331376336393435346631666231616439326139343231643536376438396464383965356435
38383032383261623839316165616164663062643730373263376331626665613536666338613135
64306464343865326635653964643566393431633630383039633932636135633765306534386430
66336265633962663333643430616432396438353836346335653639376538353063613338336136
32373731663731393533306466653438636137646230643162313632386130343233376461653332
30366535343964646531626234656466643133626439383934346139623830343230366534383734
38353738373631626433366332313065613031633639373261393961626430323033346131336633
35376531613065663036383039343266626163613463306338393264303661356632626262303266
66366136343835663364363430356464646130626431343762623534356136653136373836393833
63373230613337643463313839366539356366383135613736663765326564663136333062333134
38616666366439316238323266663462323663663036653462643665623838303765633564616133
33626363653739666665353161366436373735343738343661616134363537343532613337343562
38626663306630633235613238323861313365353739333366336337623564373562333033333830
36626365333733646536343364366262663135613065303165303435653061643664663764636639
36393033323133316461343837346262623462633135303634323062623031393765393232656134
30306362613963336534346639353230326436396238656464633237623264303964323566666266
64313062353265353137353766303636333135323433663633313266336663333434653337396531
30306366346465613963346130666166636163353762643931623138366164363633656630666539
64383839373863656665613264313439653664366532646636636235626165353563333062373863
31633738373562323966626331643839356639353736613563613266633830363033316335393062
35376133306664336461393735383530636336386635356330313831333766653330346435643134
39626666306431346562653664633439363433313066666432653831373134326136653665666238
63316463626530633532646236306361313966386135663737613934343638353337636532336634
64326266316234383631383936313738303138393436636462306235313763303333313162366134
36383836353338343334346665643966653434336561353263316637373837313762373037336637
66653830333330393132646130346163336363663065386331613561626663303165396337623735
61353531666538396638613235616338343166323231383232393538313035323262393631396131
63353263383563393331613265633030633464373763663736313937626365393530663662313435
35326334373863316365386265643834313036313730633435333531633632623538633561663366
33326431633138326439656166376637343033623766613461303633313937383039613634626333
66373635356666333630353837373865623462323362613866343363323061323430393733326638
66386437336138346333333533333863353934663933336630343963363534656337356666396262
64393562633232636130356333666336623965336433653333386237366663653237
